MAHSQR : [4, 6, 8, 10, 12, 14]
ER :   [92.82%(4), 94.30%(6), 93.24%(8), 87.15%(10),74.57%(12), 
                                                    ]
NMED : [0.078395(4), 0.039061(6), 0.019780(8), 0.009840(10), 
                                  0.004787(12)]
MRED : [0.122824(4), 0.068505(6), 0.036644(8), 0.018952(10), 
                                  0.009371(12)]
ED :   [53(4), 30(6), 15(8), 7(10), 3(12)]

AHSQR : [4, 6, 8, 10, 12, 14]
ER :   [93.04%(4), 94.65%(6), 93.58%(8), 87.23%(10),                
                              74.58%(12)]
NMED : [0.082547(4), 0.039617(6), 0.019855(8), 0.009849(10)                 
                                  0.004788(12)]
MRED : [0.178408(4), 0.083033(6), 0.040379(8), 0.019763(10),                 
                                  0.009501(12)]
ED :   [63(4), 31(6), 15(8), 7(10), 3(12)]